1TEA     7111111 0009503162                                                                                             
2TEA     896997  0009503130000000000000000000000398000       5009512B040638000009503                                    
2TEA     833424  0009503160000000000000000000000290000        0095031186245000009503                                    
2TEA     833594  0009503150000000000000000000000290000        0095021186087000009502                                    
2TEA     833594  0009503150000000000000000000000298000        0095031007504000009503                                    
2TEA     833594  0009503150000000000000000000000298000        0095031011096000009503                                    
2TEA     833000  0009503150000000000000000000000298000        0095031135302000009503                                    
2TEA     845885  0009503160000000000000000000000290000        0095021024151000009502                                    
2TEA     845885  0009503150000000000000000000000150000        0095021085866000009502                                    
2TEA     847124  0009503150000000000000000000000290000        0095031026944000009503                                    
2TEA     854513  0009503150000000000000000000000348000        0095031154187000009503                                    
2TEA     855147  0009503160000000000000000000000298000        0095031128581000009503                                    
2TEA     855295  0009503160000000000000000000000298000        0095031150180000009503                                    
2TEA     861061  0009503150000000000000000000000298000        0095031073111000009503                                    
2TEA     864244  0009503160000000000000000000000298000        0095031116626000009503                                    
2TEA     864255  0009503160000000000000000000000298000        0095031125727000009503                                    
2TEA     864255  0009503150000000000000000000000298000        0095031172004000009503                                    
2TEA     864657  0009503150000000000000000000000298000        0095031117366000009503                                    
2TEA     864624  0009503160000000000000000000000290000        0095031066672000009503                                    
2TEA     864624  0009503160000000000000000000000298000        0095031131167000009503                                    
2TEA     874104  0009503160000000000000000000000290000        0095031080563000009503                                    
2TEA     874104  0009503160000000000000000000000290000        0095031080603000009503                                    
2TEA     874104  0009503160000000000000000000000290000        0095031080617000009503                                    
2TEA     874104  0009503150000000000000000000000290000        0095031080623000009503                                    
2TEA     874104  0009503150000000000000000000000290000        0095031080624000009503                                    
2TEA     874104  0009503150000000000000000000000290000        0095031105598000009503                                    
2TEA     874676  0009503160000000000000000000000298000        0095031155660000009503                                    
2TEA     875679  0009503150000000000000000000000298000        0095031067846000009503                                    
2TEA     875679  0009503150000000000000000000000290000        0095031185732000009503                                    
2TEA     875440  0009503150000000000000000000000298000        0095031051536000009503                                    
2TEA     875831  0009503160000000000000000000000290000        0095021185955000009502                                    
2TEA     880383  0009503150000000000000000000000298000        0095031044907000009503                                    
2TEA     885702  0009503150000000000000000000000290000        0095031027270000009503                                    
2TEA     886200  0009503160000000000000000000000398000        0095031043638000009503                                    
2TEA     886978  0009503160000000000000000000000298000        0095021075156000009502                                    
2TEA     915199  0009503150000000000000000000000278500        0095031182639000009503                                    
2TEA     912101  0009503150000000000000000000000298000        0095031175210000009503                                    
2TEA     912101  0009503150000000000000000000000298000        0095031175155000009503                                    
2TEA     906379  0009503150000000000000000000000298000        0095031113573000009503                                    
2TEA     906379  0009503160000000000000000000000298000        0095031108797000009503                                    
2TEA     906379  0009503150000000000000000000000298000        0095031057283000009503                                    
2TEA     905631  0009503150000000000000000000000298000        0095031175368000009503                                    
2TEA     905631  0009503160000000000000000000000298000        0095031132096000009503                                    
2TEA     905077  0009503150000000000000000000000298000        0095031136165000009503                                    
2TEA     928782  0009503150000000000000000000000298000        0095031000225000009503                                    
2TEA     928748  0009503150000000000000000000000298000        0095031174248000009503                                    
2TEA     928748  0009503160000000000000000000000298000        0095031127437000009503                                    
2TEA     928748  0009503150000000000000000000000298000        0095031126676000009503                                    
2TEA     928852  0009503160000000000000000000000298000        0095031155194000009503                                    
2TEA     928645  0009503150000000000000000000000150000        0095031126503000009503                                    
2TEA     928612  0009503160000000000000000000000180000        0095031181207000009503                                    
2TEA     928047  0009503150000000000000000000000290000        0095031022315000009503                                    
2TEA     924975  0009503160000000000000000000000298000        0095031143966000009503                                    
2TEA     956031  0009503160000000000000000000000290000        0095031069711000009503                                    
2TEA     948708  0009503160000000000000000000000290000        0095021186029000009502                                    
2TEA     946610  0009503160000000000000000000000290000        0095031186248000009503                                    
2TEA     946610  0009503160000000000000000000000290000        0095031186188000009503                                    
2TEA     946610  0009503150000000000000000000000290000        0095031167055000009503                                    
2TEA     945673  0009503160000000000000000000000298000        0095031131781000009503                                    
2TEA     945673  0009503150000000000000000000000290000        0095021185967000009502                                    
2TEA     944946  0009503150000000000000000000000298000        0095031076972000009503                                    
2TEA     942906  0009503150000000000000000000000298000        0095031142176000009503                                    
2TEA     822572  0009503160000000000000000000000290000        0095031095009000009503                                    
2TEA     822538  0009503160000000000000000000000298000        0095031173653000009503                                    
2TEA     822538  0009503160000000000000000000000290000        0095021185933000009502                                    
2TEA     956215  0009503150000000000000000000000298000        0095031131238000009503                                    
2TEA     958440  0009503150000000000000000000000298000        0095031180846000009503                                    
2TEA     958440  0009503150000000000000000000000298000        0095031101457000009503                                    
2TEA     955050  0009503150000000000000000000000265000        0095031008408000009503                                    
2TEA     942928  0009503150000000000000000000000298000        0095031077684000009503                                    
2TEA     941682  0009503150000000000000000000000348000        0095031061113000009503                                    
2TEA     936037  0009503150000000000000000000000298000        0095031113601000009503                                    
2TEA     935001  0009503150000000000000000000000298000        0095031049571000009503                                    
2TEA     934503  0009503150000000000000000000000150000        0095031019637000009503                                    
2TEA     934547  0009503160000000000000000000000298000        0095031115986000009503                                    
2TEA     934547  0009503160000000000000000000000298000        0095031079448000009503                                    
2TEA     930453  0009503150000000000000000000000298000        0095031004497000009503                                    
2TEA     922500  0009503150000000000000000000000298000        0095031144437000009503                                    
2TEA     922267  0009503150000000000000000000000298000        0095031112275000009503                                    
2TEA     922267  0009503150000000000000000000000298000        0095011079655000009501                                    
2TEA     920582  0009503160000000000000000000000298000        0095031157664000009503                                    
2TEA     920582  0009503160000000000000000000000298000        0095031057757000009503                                    
2TEA     920582  0009503150000000000000000000000298000        0095031044223000009503                                    
2TEA     916413  0009503150000000000000000000000298000        0095031171984000009503                                    
2TEA     916413  0009503160000000000000000000000298000        0095031041811000009503                                    
2TEA     886978  0009503150000000000000000000000298000        0095031067541000009503                                    
2TEA     886978  0009503160000000000000000000000298000        0095031068635000009503                                    
2TEA     886978  0009503160000000000000000000000298000        0095031069573000009503                                    
2TEA     886978  0009503160000000000000000000000298000        0095031075317000009503                                    
2TEA     886978  0009503150000000000000000000000298000        0095031082235000009503                                    
2TEA     886978  0009503160000000000000000000000150000        0095031114421000009503                                    
2TEA     886978  0009503160000000000000000000000298000        0095031139867000009503                                    
2TEA     886978  0009503160000000000000000000000298000        0095031139956000009503                                    
2TEA     886978  0009503150000000000000000000000298000        0095031143272000009503                                    
2TEA     892124  0009503160000000000000000000000290000        0095031024823000009503                                    
2TEA     892353  0009503150000000000000000000000298000        0095031078799000009503                                    
2TEA     892353  0009503150000000000000000000000290000        0095031168602000009503                                    
2TEA     893312  0009503150000000000000000000000298000        0095031123472000009503                                    
2TEA     895879  0009503150000000000000000000000298000        0095031053254000009503                                    
2TEA     896193  0009503150000000000000000000000298000        0095031126789000009503                                    
2TEA     896997  0009503150000000000000000000000298000        0095031067812000009503                                    
2TEA     896746  0009503160000000000000000000000298000        0095031062228000009503                                    
2TEA     903510  0009503150000000000000000000000150000        0095021179885000009502                                    
2TEA     904041  0009503150000000000000000000000298000        0095031116150000009503                                    
2TEA     904041  0009503150000000000000000000000298000        0095031177751000009503                                    
3TEA     7111111 00095031600000000301815000000000104                                                                    
