101	SO-陽明山	5	0
102	SO-新台北	5	0
103	SO-金頻道	5	0
104	SO-麗冠	5	0
105	SO-全聯	5	0
106	SO-新唐城	5	0
107	SO-大新店	5	0
108	SO-振道	5	0
109	SO-豐盟	5	0
110	SO-新頻道	5	0
111	SO-南天	5	0
112	SO-觀昇	5	0
113	SO-屏南	5	0
114	SO-北桃園	5	0
120	東森媒體科技EMC	5	0
121	東森華榮傳播EBC	5	0
122	東森行銷EAM	5	0
123	東森得意購EHS	5	0
124	東富資訊EIT	5	0
125	海洋館	5	0
126	協進會	5	0
127	勝騏	5	0
128	中國力霸	5	0
129	衣蝶百貨	5	0
130	遠森科技	5	0
131	東凱租賃	5	0
140	中華銀行-營業部	5	0
141	中華銀行-光復分行	5	0
142	中華銀行-台北分行	5	0
143	中華銀行-信託部	5	0
144	中華銀行南京東路分行	5	0
145	中華銀行-國外部	5	0
146	中華銀行-新生分行	5	0
147	中華銀行國際金融分行	5	0
148	中華銀行-松江分行	5	0
149	中華銀行-信義分行	5	0
150	中華銀行-南港分行	5	0
151	中華銀行-仁愛分行	5	0
152	中華銀行-太原路分行	5	0
153	中華銀行-大安分行	5	0
154	中華銀行-板橋分行	5	0
155	中華銀行-三重分行	5	0
156	中華銀行-雙和分行	5	0
157	中華銀行-新莊分行	5	0
158	中華銀行-新店分行	5	0
159	中華銀行-土城分行	5	0
160	中華銀行-基隆分行	5	0
161	中華銀行-桃園分行	5	0
162	中華銀行-中壢分行	5	0
163	中華銀行-新竹分行	5	0
164	中華銀行-頭份分行	5	0
165	中華銀行-台中分行	5	0
166	中華銀行-豐原分行	5	0
167	中華銀行-東興分行	5	0
168	中華銀行-南投分行	5	0
169	中華銀行-彰化分行	5	0
170	中華銀行-嘉義分行	5	0
180	力霸房屋	5	0
