12151               20031222116085969045638              00201000099181
12151               20031222116085969099663              00238000013368
12151               20031223116085969034180              01101000071874
12151               20031224116085969151464              00901000125569
12151               20031224316085969183595              01201000099285
12151               20031226116085969451587              00201000267900
12151               20031229116085969164270              01101000038289
12151               20031230116085969225657              00801000002997
12151               20031231216085969139777              00401000085489
12151               20031231216085969310621              00841000006399
12151               20031231116085969338987              00701000018138
12151               20031231216085969414177              00401000114821
12151               20031231116085969460722              00701000088955
12151               20040102116085969238166              01101000082495
12151               20040102116085969248567              00301000009992
